

test start:  "05-11-20 13:42:58.423000" 
 Device 1 = ['6JHNW19C02007532']
Script Dial Number---------
National number 5590458901
test start:  "05-11-20 13:45:56.854000" 
 Device 1 = ['6JHNW19C02007532']
Script Dial Number---------
National number 4491963704
-------------ERROR  ------------------------------------------- 
Test Failed 
android.support.test.uiautomator.UiObjectNotFoundException: UiSelector[CLASS=android.widget.EditText, PACKAGE NAME=com.android.contacts]
test start:  "05-11-20 13:45:56.854000"
test end  :  "05-11-20 13:46:42.310000"
--------------------------------------------------------------- 
 

test start:  "05-11-20 13:46:42.312000" 
 Device 1 = ['6JHNW19C02007532']
Script Dial Number---------
National number 5590458901
-------------ERROR  ------------------------------------------- 
Test Failed 
android.support.test.uiautomator.UiObjectNotFoundException: UiSelector[CLASS=android.widget.EditText, PACKAGE NAME=com.android.contacts]
test start:  "05-11-20 13:46:42.312000"
test end  :  "05-11-20 13:47:22.378000"
--------------------------------------------------------------- 
 


test start:  "05-11-20 13:48:02.068000" 
 Device 1 = ['6JHNW19C02007532']
Script Dial Number---------
-------------ERROR  ------------------------------------------- 
Test Failed 
Invalid phone number
test start:  "05-11-20 13:48:02.068000"
test end  :  "05-11-20 13:48:02.163000"
--------------------------------------------------------------- 
 

test start:  "05-11-20 13:48:02.164000" 
 Device 1 = ['6JHNW19C02007532']
Script Dial Number---------
-------------ERROR  ------------------------------------------- 
Test Failed 
Invalid phone number
test start:  "05-11-20 13:48:02.164000"
test end  :  "05-11-20 13:48:02.259000"
--------------------------------------------------------------- 
 

test start:  "05-11-20 13:48:02.260000" 
 Device 1 = ['6JHNW19C02007532']
Script Dial Number---------
-------------ERROR  ------------------------------------------- 
Test Failed 
Invalid phone number
test start:  "05-11-20 13:48:02.260000"
test end  :  "05-11-20 13:48:02.359000"
--------------------------------------------------------------- 
 

test start:  "05-11-20 13:48:02.360000" 
 Device 1 = ['6JHNW19C02007532']
Script Dial Number---------
-------------ERROR  ------------------------------------------- 
Test Failed 
The string supplied did not seem to be a phone number.
test start:  "05-11-20 13:48:02.360000"
test end  :  "05-11-20 13:48:02.452000"
--------------------------------------------------------------- 
 

test start:  "05-11-20 13:48:02.453000" 
 Device 1 = ['6JHNW19C02007532']
Script Dial Number---------
-------------ERROR  ------------------------------------------- 
Test Failed 
Invalid phone number
test start:  "05-11-20 13:48:02.453000"
test end  :  "05-11-20 13:48:02.550000"
--------------------------------------------------------------- 
 

test start:  "05-11-20 13:48:02.550000" 
 Device 1 = ['6JHNW19C02007532']
Script Dial Number---------
Emergency number 911
-------------ERROR  ------------------------------------------- 
Test Failed 
android.support.test.uiautomator.UiObjectNotFoundException: UiSelector[CLASS=android.widget.EditText, PACKAGE NAME=com.android.contacts]
test start:  "05-11-20 13:48:02.550000"
test end  :  "05-11-20 13:48:42.218000"
--------------------------------------------------------------- 
 

test start:  "05-11-20 13:48:42.220000" 
 Device 1 = ['6JHNW19C02007532']
Script Dial Number---------
-------------ERROR  ------------------------------------------- 
Test Failed 
Invalid phone number
test start:  "05-11-20 13:48:42.220000"
test end  :  "05-11-20 13:48:42.315000"
--------------------------------------------------------------- 
 

test start:  "05-11-20 13:48:42.316000" 
 Device 1 = ['6JHNW19C02007532']
Script Dial Number---------
-------------ERROR  ------------------------------------------- 
Test Failed 
The string supplied did not seem to be a phone number.
test start:  "05-11-20 13:48:42.316000"
test end  :  "05-11-20 13:48:42.407000"
--------------------------------------------------------------- 
 

test start:  "05-11-20 13:48:42.408000" 
 Device 1 = ['6JHNW19C02007532']
Script Dial Number---------
-------------ERROR  ------------------------------------------- 
Test Failed 
The string supplied did not seem to be a phone number.
test start:  "05-11-20 13:48:42.408000"
test end  :  "05-11-20 13:48:42.518000"
--------------------------------------------------------------- 
 

test start:  "05-11-20 13:48:42.519000" 
 Device 1 = ['6JHNW19C02007532']
Script Dial Number---------
-------------ERROR  ------------------------------------------- 
Test Failed 
The string supplied did not seem to be a phone number.
test start:  "05-11-20 13:48:42.519000"
test end  :  "05-11-20 13:48:42.607000"
--------------------------------------------------------------- 
 

 Device 1 = ['6JHNW19C02007532']
Script Dial Number UI---------
National number 4491963704
SUCCESSFUL CALL
-------------RESULTS  ------------------------------------------- 
Test Successful 
test start:  "05-11-20 13:53:51.223000"
test end  :  "05-11-20 13:55:02.981000"
--------------------------------------------------------------- 
 

test start:  "05-11-20 13:55:02.983000" 
 Device 1 = ['6JHNW19C02007532']
Script Dial Number UI---------
National number 5590458901
SUCCESSFUL CALL
-------------RESULTS  ------------------------------------------- 
Test Successful 
test start:  "05-11-20 13:55:02.983000"
test end  :  "05-11-20 13:56:01.031000"
--------------------------------------------------------------- 
 

test start:  "05-11-20 13:56:01.032000" 
 Device 1 = ['6JHNW19C02007532']
Script Dial Number UI---------
National number 5590458901
SUCCESSFUL CALL
-------------RESULTS  ------------------------------------------- 
Test Successful 
test start:  "05-11-20 13:56:01.032000"
test end  :  "05-11-20 13:56:59.954000"
--------------------------------------------------------------- 
 

test start:  "05-11-20 13:56:59.955000" 
 Device 1 = ['6JHNW19C02007532']
Script Dial Number UI---------
-------------ERROR  ------------------------------------------- 
Test Failed 
Invalid phone number
test start:  "05-11-20 13:56:59.955000"
test end  :  "05-11-20 13:57:00.047000"
--------------------------------------------------------------- 
 

test start:  "05-11-20 13:57:00.048000" 
 Device 1 = ['6JHNW19C02007532']
Script Dial Number UI---------
-------------ERROR  ------------------------------------------- 
Test Failed 
Invalid phone number
test start:  "05-11-20 13:57:00.048000"
test end  :  "05-11-20 13:57:00.132000"
--------------------------------------------------------------- 
 

test start:  "05-11-20 13:57:00.133000" 
 Device 1 = ['6JHNW19C02007532']
Script Dial Number UI---------
-------------ERROR  ------------------------------------------- 
Test Failed 
Invalid phone number
test start:  "05-11-20 13:57:00.133000"
test end  :  "05-11-20 13:57:00.231000"
--------------------------------------------------------------- 
 

test start:  "05-11-20 13:57:00.232000" 
 Device 1 = ['6JHNW19C02007532']
Script Dial Number UI---------
-------------ERROR  ------------------------------------------- 
Test Failed 
The string supplied did not seem to be a phone number.
test start:  "05-11-20 13:57:00.232000"
test end  :  "05-11-20 13:57:00.337000"
--------------------------------------------------------------- 
 

test start:  "05-11-20 13:57:00.337000" 
 Device 1 = ['6JHNW19C02007532']
Script Dial Number UI---------
-------------ERROR  ------------------------------------------- 
Test Failed 
Invalid phone number
test start:  "05-11-20 13:57:00.337000"
test end  :  "05-11-20 13:57:00.432000"
--------------------------------------------------------------- 
 

test start:  "05-11-20 13:57:00.433000" 
 Device 1 = ['6JHNW19C02007532']
Script Dial Number UI---------
Emergency number 911
SUCCESSFUL CALL
-------------RESULTS  ------------------------------------------- 
Test Successful 
test start:  "05-11-20 13:57:00.433000"
test end  :  "05-11-20 13:57:35.674000"
--------------------------------------------------------------- 
 

test start:  "05-11-20 13:57:35.675000" 
 Device 1 = ['6JHNW19C02007532']
Script Dial Number UI---------
-------------ERROR  ------------------------------------------- 
Test Failed 
Invalid phone number
test start:  "05-11-20 13:57:35.675000"
test end  :  "05-11-20 13:57:35.761000"
--------------------------------------------------------------- 
 

test start:  "05-11-20 13:57:35.762000" 
 Device 1 = ['6JHNW19C02007532']
Script Dial Number UI---------
-------------ERROR  ------------------------------------------- 
Test Failed 
The string supplied did not seem to be a phone number.
test start:  "05-11-20 13:57:35.762000"
test end  :  "05-11-20 13:57:35.856000"
--------------------------------------------------------------- 
 

test start:  "05-11-20 13:57:35.857000" 
 Device 1 = ['6JHNW19C02007532']
Script Dial Number UI---------
-------------ERROR  ------------------------------------------- 
Test Failed 
The string supplied did not seem to be a phone number.
test start:  "05-11-20 13:57:35.857000"
test end  :  "05-11-20 13:57:35.947000"
--------------------------------------------------------------- 
 

test start:  "05-11-20 13:57:35.948000" 
 Device 1 = ['6JHNW19C02007532']
Script Dial Number UI---------
-------------ERROR  ------------------------------------------- 
Test Failed 
The string supplied did not seem to be a phone number.
test start:  "05-11-20 13:57:35.948000"
test end  :  "05-11-20 13:57:36.052000"
--------------------------------------------------------------- 
 

test start:  "05-11-20 13:57:36.052000" 
 Device 1 = ['6JHNW19C02007532']
Script Dial Number UI---------
-------------ERROR  ------------------------------------------- 
Test Failed 
The string supplied did not seem to be a phone number.
test start:  "05-11-20 13:57:36.052000"
test end  :  "05-11-20 13:57:36.157000"
--------------------------------------------------------------- 
 

test start:  "05-11-20 14:42:35.999000" 
 Device 1 = ['6JHNW19C02007532']
Script Dial Number UI---------
National number 4491963704
